[12]  (0.9982891561306708)
[15]  (0.8022681909442859)
[16]  (0.9771622920604498)
[17]  (0.9999059329831297)
[18]  (0.9968017214264088)
[21]  (0.8890685307613844)
[24]  (0.8060749655332571)
[27]  (0.8349506001181717)
[29]  (0.8795001513891053)
[31]  (0.9348321344688006)
[43]  (0.856586013998348)
[12, 15]  (0.8007425415144201)
[12, 16]  (0.9764303330854276)
[12, 17]  (0.9981950891138005)
[12, 18]  (0.9962902320221763)
[12, 21]  (0.887578156462845)
[12, 24]  (0.8047403897314093)
[12, 27]  (0.8336101451277694)
[12, 29]  (0.8779980187134572)
[12, 31]  (0.9334270084043)
[12, 43]  (0.8551250356425806)
[15, 17]  (0.8021770635216927)
[16, 17]  (0.9770682250435795)
[16, 18]  (0.9749105628441163)
[16, 21]  (0.8682121093646655)
[16, 27]  (0.8170984440727491)
[16, 29]  (0.8582380659821331)
[16, 31]  (0.917753091718281)
[16, 43]  (0.838431079742374)
[17, 18]  (0.9967076544095383)
[17, 21]  (0.8889774033387912)
[17, 24]  (0.8060073548648815)
[17, 27]  (0.8348682914784101)
[17, 29]  (0.879406084372235)
[17, 31]  (0.9347557050175934)
[17, 43]  (0.856497826170032)
[18, 21]  (0.8862230035010568)
[18, 24]  (0.803488122569323)
[18, 27]  (0.8324519449825535)
[18, 29]  (0.8765781946775706)
[18, 31]  (0.9321541640822734)
[18, 43]  (0.8539315603660382)
[21, 27]  (0.8008571856912309)
[21, 31]  (0.8352974722428811)
[29, 31]  (0.822148667040975)
[31, 43]  (0.8028796265539431)
[12, 15, 17]  (0.800651414091827)
[12, 16, 17]  (0.9763362660685572)
[12, 16, 18]  (0.974446106948319)
[12, 16, 21]  (0.8675742174065135)
[12, 16, 27]  (0.8165751962914078)
[12, 16, 29]  (0.8575913552411496)
[12, 16, 31]  (0.9171798708342275)
[12, 16, 43]  (0.8377961273784992)
[12, 17, 18]  (0.996196165005306)
[12, 17, 21]  (0.8874870290402519)
[12, 17, 24]  (0.8046727790630337)
[12, 17, 27]  (0.8335278364880079)
[12, 17, 29]  (0.8779039516965869)
[12, 17, 31]  (0.9333505789530929)
[12, 17, 43]  (0.8550368478142647)
[12, 18, 21]  (0.885749728822428)
[12, 18, 24]  (0.8030765793705152)
[12, 18, 27]  (0.832072737320795)
[12, 18, 29]  (0.8761196179703278)
[12, 18, 31]  (0.9317338021006341)
[12, 18, 43]  (0.8534847420359042)
[12, 21, 31]  (0.8340481446750719)
[12, 29, 31]  (0.8209199166331063)
[12, 31, 43]  (0.8016802720888463)
[16, 17, 18]  (0.9748164958272459)
[16, 17, 21]  (0.8681209819420723)
[16, 17, 27]  (0.8170161354329876)
[16, 17, 29]  (0.8581439989652628)
[16, 17, 31]  (0.9176766622670739)
[16, 17, 43]  (0.838342891914058)
[16, 18, 21]  (0.8661896685019533)
[16, 18, 27]  (0.8153934793919744)
[16, 18, 29]  (0.856142135262491)
[16, 18, 31]  (0.9158864493522604)
[16, 18, 43]  (0.8365761957534621)
[16, 21, 31]  (0.8194971530029426)
[16, 29, 31]  (0.8060690863447028)
[17, 18, 21]  (0.8861318760784637)
[17, 18, 24]  (0.8034205119009474)
[17, 18, 27]  (0.8323696363427919)
[17, 18, 29]  (0.8764841276607003)
[17, 18, 31]  (0.9320777346310662)
[17, 18, 43]  (0.8538433725377224)
[17, 21, 27]  (0.8007748770514693)
[17, 21, 31]  (0.8352239823859511)
[17, 29, 31]  (0.8220722375897679)
[17, 31, 43]  (0.8028061366970131)
[18, 21, 31]  (0.8328870049355788)
[18, 29, 31]  (0.8196999850080692)
[18, 31, 43]  (0.8006337765261639)
[12, 16, 17, 18]  (0.9743520399314487)
[12, 16, 17, 21]  (0.8674830899839204)
[12, 16, 17, 27]  (0.8164928876516463)
[12, 16, 17, 29]  (0.8574972882242793)
[12, 16, 17, 31]  (0.9171034413830204)
[12, 16, 17, 43]  (0.8377079395501833)
[12, 16, 18, 21]  (0.8657604877374825)
[12, 16, 18, 27]  (0.8150495468615422)
[12, 16, 18, 29]  (0.8557276524694062)
[12, 16, 18, 31]  (0.9154984229076703)
[12, 16, 18, 43]  (0.8361646525546544)
[12, 16, 21, 31]  (0.8189797844101557)
[12, 16, 29, 31]  (0.8055634761290247)
[12, 17, 18, 21]  (0.8856586013998348)
[12, 17, 18, 24]  (0.8030089687021398)
[12, 17, 18, 27]  (0.8319904286810335)
[12, 17, 18, 29]  (0.8760255509534574)
[12, 17, 18, 31]  (0.9316573726494269)
[12, 17, 18, 43]  (0.8533965542075883)
[12, 17, 21, 31]  (0.833974654818142)
[12, 17, 29, 31]  (0.8208434871818991)
[12, 17, 31, 43]  (0.8016067822319164)
[12, 18, 21, 31]  (0.8324989784909886)
[12, 18, 29, 31]  (0.8193237169405878)
[12, 18, 31, 43]  (0.8002722064300685)
[16, 17, 18, 21]  (0.8660985410793602)
[16, 17, 18, 27]  (0.8153111707522128)
[16, 17, 18, 29]  (0.8560480682456207)
[16, 17, 18, 31]  (0.9158100199010533)
[16, 17, 18, 43]  (0.8364880079251462)
[16, 17, 21, 31]  (0.8194236631460126)
[16, 17, 29, 31]  (0.8059926568934955)
[16, 18, 21, 31]  (0.8177980675107221)
[16, 18, 29, 31]  (0.8043229673440472)
[17, 18, 21, 31]  (0.8328135150786489)
[17, 18, 29, 31]  (0.8196235555568621)
[17, 18, 31, 43]  (0.800560286669234)
[12, 16, 17, 18, 21]  (0.8656693603148894)
[12, 16, 17, 18, 27]  (0.8149672382217806)
[12, 16, 17, 18, 29]  (0.8556335854525359)
[12, 16, 17, 18, 31]  (0.9154219934564631)
[12, 16, 17, 18, 43]  (0.8360764647263385)
[12, 16, 17, 21, 31]  (0.8189062945532257)
[12, 16, 17, 29, 31]  (0.8054870466778176)
[12, 16, 18, 21, 31]  (0.8174423766031812)
[12, 16, 18, 29, 31]  (0.803979034813615)
[12, 17, 18, 21, 31]  (0.8324254886340587)
[12, 17, 18, 29, 31]  (0.8192472874893807)
[12, 17, 18, 31, 43]  (0.8001987165731386)
[16, 17, 18, 21, 31]  (0.8177245776537923)
[16, 17, 18, 29, 31]  (0.8042465378928401)
[12, 16, 17, 18, 21, 31]  (0.8173688867462513)
[12, 16, 17, 18, 29, 31]  (0.8039026053624079)
