[5]  (0.9295994993742178)
[7]  (0.9624530663329162)
[29]  (0.9953066332916145)
[34]  (0.951188986232791)
[36]  (0.9696495619524406)
[40]  (0.9918648310387985)
[48]  (0.9427409261576971)
[52]  (0.996558197747184)
[56]  (0.945244055068836)
[58]  (0.9996871088861077)
[60]  (0.9852941176470589)
[62]  (0.9574468085106383)
[66]  (0.945244055068836)
[5, 29]  (0.9274092615769712)
[5, 34]  (0.9039424280350438)
[5, 40]  (0.9230287859824781)
[5, 52]  (0.9261576971214017)
[5, 58]  (0.9292866082603254)
[5, 60]  (0.9148936170212766)
[7, 29]  (0.9602628285356696)
[7, 34]  (0.9167709637046307)
[7, 36]  (0.9321026282853567)
[7, 40]  (0.9543178973717147)
[7, 48]  (0.9051939924906133)
[7, 52]  (0.9590112640801002)
[7, 56]  (0.9133291614518148)
[7, 58]  (0.9621401752190237)
[7, 60]  (0.9483729662077597)
[7, 62]  (0.9198998748435544)
[7, 66]  (0.909261576971214)
[29, 34]  (0.9499374217772215)
[29, 36]  (0.9649561952440551)
[29, 40]  (0.987171464330413)
[29, 48]  (0.9380475594493116)
[29, 52]  (0.9918648310387985)
[29, 56]  (0.9405506883604505)
[29, 58]  (0.9949937421777222)
[29, 60]  (0.981226533166458)
[29, 62]  (0.9527534418022529)
[29, 66]  (0.9427409261576971)
[34, 36]  (0.9208385481852316)
[34, 40]  (0.9439924906132666)
[34, 52]  (0.9483729662077597)
[34, 56]  (0.9023779724655819)
[34, 58]  (0.9508760951188986)
[34, 60]  (0.9371088861076345)
[34, 62]  (0.9114518147684606)
[34, 66]  (0.9030037546933667)
[36, 40]  (0.9615143929912391)
[36, 48]  (0.9346057571964956)
[36, 52]  (0.9662077596996246)
[36, 56]  (0.9148936170212766)
[36, 58]  (0.9693366708385481)
[36, 60]  (0.9549436795994993)
[36, 62]  (0.9270963704630788)
[36, 66]  (0.9148936170212766)
[40, 48]  (0.9346057571964956)
[40, 52]  (0.9884230287859824)
[40, 56]  (0.9374217772215269)
[40, 58]  (0.9915519399249061)
[40, 60]  (0.9774718397997497)
[40, 62]  (0.9527534418022529)
[40, 66]  (0.9377346683354193)
[48, 52]  (0.9392991239048811)
[48, 58]  (0.9424280350438048)
[48, 60]  (0.9342928660826032)
[48, 62]  (0.9001877346683355)
[52, 56]  (0.9436795994993742)
[52, 58]  (0.9962453066332916)
[52, 60]  (0.9818523153942428)
[52, 62]  (0.9540050062578223)
[52, 66]  (0.94180225281602)
[56, 58]  (0.9449311639549437)
[56, 60]  (0.9305381727158949)
[56, 62]  (0.9145807259073843)
[58, 60]  (0.9849812265331664)
[58, 62]  (0.9574468085106383)
[58, 66]  (0.9449311639549437)
[60, 62]  (0.9430538172715894)
[60, 66]  (0.945244055068836)
[62, 66]  (0.904881101376721)
[5, 29, 34]  (0.9026908635794744)
[5, 29, 40]  (0.9208385481852316)
[5, 29, 52]  (0.9239674593241552)
[5, 29, 58]  (0.9270963704630788)
[5, 29, 60]  (0.9133291614518148)
[5, 34, 52]  (0.9011264080100125)
[5, 34, 58]  (0.9036295369211514)
[5, 40, 52]  (0.9195869837296621)
[5, 40, 58]  (0.9227158948685857)
[5, 40, 60]  (0.9086357947434293)
[5, 52, 58]  (0.9258448060075094)
[5, 52, 60]  (0.9114518147684606)
[5, 58, 60]  (0.9145807259073843)
[7, 29, 34]  (0.9161451814768461)
[7, 29, 36]  (0.9299123904881101)
[7, 29, 40]  (0.9521276595744681)
[7, 29, 48]  (0.9030037546933667)
[7, 29, 52]  (0.9568210262828536)
[7, 29, 56]  (0.9111389236545682)
[7, 29, 58]  (0.9599499374217773)
[7, 29, 60]  (0.9461827284105131)
[7, 29, 62]  (0.9177096370463079)
[7, 29, 66]  (0.9080100125156445)
[7, 34, 40]  (0.9095744680851063)
[7, 34, 52]  (0.9139549436795995)
[7, 34, 58]  (0.9164580725907384)
[7, 34, 60]  (0.9026908635794744)
[7, 36, 40]  (0.9239674593241552)
[7, 36, 52]  (0.9286608260325406)
[7, 36, 58]  (0.9317897371714643)
[7, 36, 60]  (0.9180225281602002)
[7, 40, 52]  (0.9508760951188986)
[7, 40, 56]  (0.9055068836045056)
[7, 40, 58]  (0.9540050062578223)
[7, 40, 60]  (0.9405506883604505)
[7, 40, 62]  (0.9152065081351689)
[7, 40, 66]  (0.9017521902377973)
[7, 48, 52]  (0.9017521902377973)
[7, 48, 58]  (0.904881101376721)
[7, 52, 56]  (0.9117647058823529)
[7, 52, 58]  (0.9586983729662077)
[7, 52, 60]  (0.9449311639549437)
[7, 52, 62]  (0.9164580725907384)
[7, 52, 66]  (0.905819774718398)
[7, 56, 58]  (0.9130162703379224)
[7, 58, 60]  (0.9480600750938674)
[7, 58, 62]  (0.9198998748435544)
[7, 58, 66]  (0.9089486858573217)
[7, 60, 62]  (0.9061326658322904)
[7, 60, 66]  (0.909261576971214)
[29, 34, 36]  (0.9195869837296621)
[29, 34, 40]  (0.9427409261576971)
[29, 34, 52]  (0.9471214017521903)
[29, 34, 56]  (0.9011264080100125)
[29, 34, 58]  (0.9496245306633292)
[29, 34, 60]  (0.935857321652065)
[29, 34, 62]  (0.9102002503128911)
[29, 34, 66]  (0.9017521902377973)
[29, 36, 40]  (0.9568210262828536)
[29, 36, 48]  (0.9299123904881101)
[29, 36, 52]  (0.9615143929912391)
[29, 36, 56]  (0.9102002503128911)
[29, 36, 58]  (0.9646433041301627)
[29, 36, 60]  (0.9508760951188986)
[29, 36, 62]  (0.9224030037546934)
[29, 36, 66]  (0.9123904881101377)
[29, 40, 48]  (0.9299123904881101)
[29, 40, 52]  (0.983729662077597)
[29, 40, 56]  (0.9327284105131415)
[29, 40, 58]  (0.9868585732165206)
[29, 40, 60]  (0.973404255319149)
[29, 40, 62]  (0.9480600750938674)
[29, 40, 66]  (0.9352315394242804)
[29, 48, 52]  (0.9346057571964956)
[29, 48, 58]  (0.9377346683354193)
[29, 48, 60]  (0.9302252816020025)
[29, 52, 56]  (0.9389862327909887)
[29, 52, 58]  (0.9915519399249061)
[29, 52, 60]  (0.977784730913642)
[29, 52, 62]  (0.9493116395494368)
[29, 52, 66]  (0.9392991239048811)
[29, 56, 58]  (0.9402377972465582)
[29, 56, 60]  (0.9264705882352942)
[29, 56, 62]  (0.9098873591989988)
[29, 58, 60]  (0.9809136420525657)
[29, 58, 62]  (0.9527534418022529)
[29, 58, 66]  (0.9424280350438048)
[29, 60, 62]  (0.9389862327909887)
[29, 60, 66]  (0.9427409261576971)
[29, 62, 66]  (0.9023779724655819)
[34, 36, 40]  (0.9136420525657072)
[34, 36, 52]  (0.9180225281602002)
[34, 36, 58]  (0.9205256570713392)
[34, 36, 60]  (0.9067584480600751)
[34, 40, 52]  (0.9411764705882353)
[34, 40, 58]  (0.9436795994993742)
[34, 40, 60]  (0.9302252816020025)
[34, 40, 62]  (0.9076971214017522)
[34, 52, 56]  (0.9008135168961201)
[34, 52, 58]  (0.9480600750938674)
[34, 52, 60]  (0.9342928660826032)
[34, 52, 62]  (0.9086357947434293)
[34, 52, 66]  (0.9001877346683355)
[34, 56, 58]  (0.9020650813516896)
[34, 58, 60]  (0.9367959949937422)
[34, 58, 62]  (0.9114518147684606)
[34, 58, 66]  (0.9026908635794744)
[34, 60, 66]  (0.9030037546933667)
[36, 40, 48]  (0.9264705882352942)
[36, 40, 52]  (0.958072590738423)
[36, 40, 56]  (0.9070713391739674)
[36, 40, 58]  (0.9612015018773467)
[36, 40, 60]  (0.9471214017521903)
[36, 40, 62]  (0.9224030037546934)
[36, 40, 66]  (0.9073842302878599)
[36, 48, 52]  (0.9311639549436797)
[36, 48, 58]  (0.9342928660826032)
[36, 48, 60]  (0.9261576971214017)
[36, 52, 56]  (0.9133291614518148)
[36, 52, 58]  (0.9658948685857321)
[36, 52, 60]  (0.9515018773466833)
[36, 52, 62]  (0.9236545682102628)
[36, 52, 66]  (0.9114518147684606)
[36, 56, 58]  (0.9145807259073843)
[36, 56, 60]  (0.9001877346683355)
[36, 58, 60]  (0.954630788485607)
[36, 58, 62]  (0.9270963704630788)
[36, 58, 66]  (0.9145807259073843)
[36, 60, 62]  (0.91270337922403)
[36, 60, 66]  (0.9148936170212766)
[40, 48, 52]  (0.9311639549436797)
[40, 48, 58]  (0.9342928660826032)
[40, 48, 60]  (0.9264705882352942)
[40, 52, 56]  (0.935857321652065)
[40, 52, 58]  (0.9881101376720901)
[40, 52, 60]  (0.9740300375469336)
[40, 52, 62]  (0.9493116395494368)
[40, 52, 66]  (0.9342928660826032)
[40, 56, 58]  (0.9371088861076345)
[40, 56, 60]  (0.9230287859824781)
[40, 56, 62]  (0.9102002503128911)
[40, 58, 60]  (0.9771589486858573)
[40, 58, 62]  (0.9527534418022529)
[40, 58, 66]  (0.9374217772215269)
[40, 60, 62]  (0.938360450563204)
[40, 60, 66]  (0.9377346683354193)
[40, 62, 66]  (0.9001877346683355)
[48, 52, 58]  (0.9389862327909887)
[48, 52, 60]  (0.9308510638297872)
[48, 58, 60]  (0.9339799749687109)
[48, 58, 62]  (0.9001877346683355)
[52, 56, 58]  (0.9433667083854819)
[52, 56, 60]  (0.9289737171464331)
[52, 56, 62]  (0.9130162703379224)
[52, 58, 60]  (0.9815394242803505)
[52, 58, 62]  (0.9540050062578223)
[52, 58, 66]  (0.9414893617021277)
[52, 60, 62]  (0.9396120150187734)
[52, 60, 66]  (0.94180225281602)
[52, 62, 66]  (0.9014392991239049)
[56, 58, 60]  (0.9302252816020025)
[56, 58, 62]  (0.9145807259073843)
[56, 60, 62]  (0.9001877346683355)
[58, 60, 62]  (0.9430538172715894)
[58, 60, 66]  (0.9449311639549437)
[58, 62, 66]  (0.904881101376721)
[60, 62, 66]  (0.904881101376721)
[5, 29, 34, 58]  (0.9023779724655819)
[5, 29, 40, 52]  (0.9173967459324155)
[5, 29, 40, 58]  (0.9205256570713392)
[5, 29, 40, 60]  (0.9070713391739674)
[5, 29, 52, 58]  (0.9236545682102628)
[5, 29, 52, 60]  (0.9098873591989988)
[5, 29, 58, 60]  (0.9130162703379224)
[5, 34, 52, 58]  (0.9008135168961201)
[5, 40, 52, 58]  (0.9192740926157698)
[5, 40, 52, 60]  (0.9051939924906133)
[5, 40, 58, 60]  (0.9083229036295369)
[5, 52, 58, 60]  (0.9111389236545682)
[7, 29, 34, 40]  (0.9089486858573217)
[7, 29, 34, 52]  (0.9133291614518148)
[7, 29, 34, 58]  (0.9158322903629537)
[7, 29, 34, 60]  (0.9020650813516896)
[7, 29, 36, 40]  (0.9217772215269087)
[7, 29, 36, 52]  (0.9264705882352942)
[7, 29, 36, 58]  (0.9295994993742178)
[7, 29, 36, 60]  (0.9158322903629537)
[7, 29, 40, 52]  (0.9486858573216521)
[7, 29, 40, 56]  (0.9033166458072591)
[7, 29, 40, 58]  (0.9518147684605757)
[7, 29, 40, 60]  (0.938360450563204)
[7, 29, 40, 62]  (0.9130162703379224)
[7, 29, 40, 66]  (0.9005006257822278)
[7, 29, 48, 58]  (0.9026908635794744)
[7, 29, 52, 56]  (0.9095744680851063)
[7, 29, 52, 58]  (0.9565081351689612)
[7, 29, 52, 60]  (0.9427409261576971)
[7, 29, 52, 62]  (0.9142678347934918)
[7, 29, 52, 66]  (0.9045682102628285)
[7, 29, 56, 58]  (0.9108260325406758)
[7, 29, 58, 60]  (0.9458698372966208)
[7, 29, 58, 62]  (0.9177096370463079)
[7, 29, 58, 66]  (0.9076971214017522)
[7, 29, 60, 62]  (0.9039424280350438)
[7, 29, 60, 66]  (0.9080100125156445)
[7, 34, 40, 52]  (0.9067584480600751)
[7, 34, 40, 58]  (0.909261576971214)
[7, 34, 52, 58]  (0.9136420525657072)
[7, 34, 58, 60]  (0.9023779724655819)
[7, 36, 40, 52]  (0.9205256570713392)
[7, 36, 40, 58]  (0.9236545682102628)
[7, 36, 40, 60]  (0.9102002503128911)
[7, 36, 52, 58]  (0.9283479349186483)
[7, 36, 52, 60]  (0.9145807259073843)
[7, 36, 58, 60]  (0.9177096370463079)
[7, 40, 52, 56]  (0.9039424280350438)
[7, 40, 52, 58]  (0.9505632040050063)
[7, 40, 52, 60]  (0.9371088861076345)
[7, 40, 52, 62]  (0.9117647058823529)
[7, 40, 56, 58]  (0.9051939924906133)
[7, 40, 58, 60]  (0.9402377972465582)
[7, 40, 58, 62]  (0.9152065081351689)
[7, 40, 58, 66]  (0.9014392991239049)
[7, 40, 60, 62]  (0.9014392991239049)
[7, 40, 60, 66]  (0.9017521902377973)
[7, 48, 52, 58]  (0.9014392991239049)
[7, 52, 56, 58]  (0.9114518147684606)
[7, 52, 58, 60]  (0.9446182728410513)
[7, 52, 58, 62]  (0.9164580725907384)
[7, 52, 58, 66]  (0.9055068836045056)
[7, 52, 60, 62]  (0.9026908635794744)
[7, 52, 60, 66]  (0.905819774718398)
[7, 58, 60, 62]  (0.9061326658322904)
[7, 58, 60, 66]  (0.9089486858573217)
[29, 34, 36, 40]  (0.9123904881101377)
[29, 34, 36, 52]  (0.9167709637046307)
[29, 34, 36, 58]  (0.9192740926157698)
[29, 34, 36, 60]  (0.9055068836045056)
[29, 34, 40, 52]  (0.9399249061326659)
[29, 34, 40, 58]  (0.9424280350438048)
[29, 34, 40, 60]  (0.9289737171464331)
[29, 34, 40, 62]  (0.9064455569461827)
[29, 34, 52, 58]  (0.9468085106382979)
[29, 34, 52, 60]  (0.9330413016270338)
[29, 34, 52, 62]  (0.9073842302878599)
[29, 34, 56, 58]  (0.9008135168961201)
[29, 34, 58, 60]  (0.9355444305381727)
[29, 34, 58, 62]  (0.9102002503128911)
[29, 34, 58, 66]  (0.9014392991239049)
[29, 34, 60, 66]  (0.9017521902377973)
[29, 36, 40, 48]  (0.9217772215269087)
[29, 36, 40, 52]  (0.9533792240300375)
[29, 36, 40, 56]  (0.9023779724655819)
[29, 36, 40, 58]  (0.9565081351689612)
[29, 36, 40, 60]  (0.9430538172715894)
[29, 36, 40, 62]  (0.9177096370463079)
[29, 36, 40, 66]  (0.904881101376721)
[29, 36, 48, 52]  (0.9264705882352942)
[29, 36, 48, 58]  (0.9295994993742178)
[29, 36, 48, 60]  (0.922090112640801)
[29, 36, 52, 56]  (0.9086357947434293)
[29, 36, 52, 58]  (0.9612015018773467)
[29, 36, 52, 60]  (0.9474342928660826)
[29, 36, 52, 62]  (0.9189612015018773)
[29, 36, 52, 66]  (0.9089486858573217)
[29, 36, 56, 58]  (0.9098873591989988)
[29, 36, 58, 60]  (0.9505632040050063)
[29, 36, 58, 62]  (0.9224030037546934)
[29, 36, 58, 66]  (0.9120775969962454)
[29, 36, 60, 62]  (0.9086357947434293)
[29, 36, 60, 66]  (0.9123904881101377)
[29, 40, 48, 52]  (0.9264705882352942)
[29, 40, 48, 58]  (0.9295994993742178)
[29, 40, 48, 60]  (0.9224030037546934)
[29, 40, 52, 56]  (0.9311639549436797)
[29, 40, 52, 58]  (0.9834167709637046)
[29, 40, 52, 60]  (0.9699624530663329)
[29, 40, 52, 62]  (0.9446182728410513)
[29, 40, 52, 66]  (0.9317897371714643)
[29, 40, 56, 58]  (0.932415519399249)
[29, 40, 56, 60]  (0.9189612015018773)
[29, 40, 56, 62]  (0.9055068836045056)
[29, 40, 58, 60]  (0.9730913642052565)
[29, 40, 58, 62]  (0.9480600750938674)
[29, 40, 58, 66]  (0.934918648310388)
[29, 40, 60, 62]  (0.9342928660826032)
[29, 40, 60, 66]  (0.9352315394242804)
[29, 48, 52, 58]  (0.9342928660826032)
[29, 48, 52, 60]  (0.9267834793491865)
[29, 48, 58, 60]  (0.9299123904881101)
[29, 52, 56, 58]  (0.9386733416770964)
[29, 52, 56, 60]  (0.9249061326658323)
[29, 52, 56, 62]  (0.9083229036295369)
[29, 52, 58, 60]  (0.9774718397997497)
[29, 52, 58, 62]  (0.9493116395494368)
[29, 52, 58, 66]  (0.9389862327909887)
[29, 52, 60, 62]  (0.9355444305381727)
[29, 52, 60, 66]  (0.9392991239048811)
[29, 56, 58, 60]  (0.9261576971214017)
[29, 56, 58, 62]  (0.9098873591989988)
[29, 58, 60, 62]  (0.9389862327909887)
[29, 58, 60, 66]  (0.9424280350438048)
[29, 58, 62, 66]  (0.9023779724655819)
[29, 60, 62, 66]  (0.9023779724655819)
[34, 36, 40, 52]  (0.9108260325406758)
[34, 36, 40, 58]  (0.9133291614518148)
[34, 36, 52, 58]  (0.9177096370463079)
[34, 36, 52, 60]  (0.9039424280350438)
[34, 36, 58, 60]  (0.9064455569461827)
[34, 40, 52, 58]  (0.940863579474343)
[34, 40, 52, 60]  (0.9274092615769712)
[34, 40, 52, 62]  (0.904881101376721)
[34, 40, 58, 60]  (0.9299123904881101)
[34, 40, 58, 62]  (0.9076971214017522)
[34, 52, 56, 58]  (0.9005006257822278)
[34, 52, 58, 60]  (0.9339799749687109)
[34, 52, 58, 62]  (0.9086357947434293)
[34, 52, 60, 66]  (0.9001877346683355)
[34, 58, 60, 66]  (0.9026908635794744)
[36, 40, 48, 52]  (0.9230287859824781)
[36, 40, 48, 58]  (0.9261576971214017)
[36, 40, 48, 60]  (0.9183354192740926)
[36, 40, 52, 56]  (0.9055068836045056)
[36, 40, 52, 58]  (0.9577596996245307)
[36, 40, 52, 60]  (0.9436795994993742)
[36, 40, 52, 62]  (0.9189612015018773)
[36, 40, 52, 66]  (0.9039424280350438)
[36, 40, 56, 58]  (0.9067584480600751)
[36, 40, 58, 60]  (0.9468085106382979)
[36, 40, 58, 62]  (0.9224030037546934)
[36, 40, 58, 66]  (0.9070713391739674)
[36, 40, 60, 62]  (0.9080100125156445)
[36, 40, 60, 66]  (0.9073842302878599)
[36, 48, 52, 58]  (0.9308510638297872)
[36, 48, 52, 60]  (0.9227158948685857)
[36, 48, 58, 60]  (0.9258448060075094)
[36, 52, 56, 58]  (0.9130162703379224)
[36, 52, 58, 60]  (0.951188986232791)
[36, 52, 58, 62]  (0.9236545682102628)
[36, 52, 58, 66]  (0.9111389236545682)
[36, 52, 60, 62]  (0.909261576971214)
[36, 52, 60, 66]  (0.9114518147684606)
[36, 58, 60, 62]  (0.91270337922403)
[36, 58, 60, 66]  (0.9145807259073843)
[40, 48, 52, 58]  (0.9308510638297872)
[40, 48, 52, 60]  (0.9230287859824781)
[40, 48, 58, 60]  (0.9261576971214017)
[40, 52, 56, 58]  (0.9355444305381727)
[40, 52, 56, 60]  (0.9214643304130162)
[40, 52, 56, 62]  (0.9086357947434293)
[40, 52, 58, 60]  (0.9737171464330413)
[40, 52, 58, 62]  (0.9493116395494368)
[40, 52, 58, 66]  (0.9339799749687109)
[40, 52, 60, 62]  (0.934918648310388)
[40, 52, 60, 66]  (0.9342928660826032)
[40, 56, 58, 60]  (0.9227158948685857)
[40, 56, 58, 62]  (0.9102002503128911)
[40, 58, 60, 62]  (0.938360450563204)
[40, 58, 60, 66]  (0.9374217772215269)
[40, 58, 62, 66]  (0.9001877346683355)
[40, 60, 62, 66]  (0.9001877346683355)
[48, 52, 58, 60]  (0.9305381727158949)
[52, 56, 58, 60]  (0.9286608260325406)
[52, 56, 58, 62]  (0.9130162703379224)
[52, 58, 60, 62]  (0.9396120150187734)
[52, 58, 60, 66]  (0.9414893617021277)
[52, 58, 62, 66]  (0.9014392991239049)
[52, 60, 62, 66]  (0.9014392991239049)
[56, 58, 60, 62]  (0.9001877346683355)
[58, 60, 62, 66]  (0.904881101376721)
[5, 29, 40, 52, 58]  (0.9170838548185232)
[5, 29, 40, 52, 60]  (0.9036295369211514)
[5, 29, 40, 58, 60]  (0.9067584480600751)
[5, 29, 52, 58, 60]  (0.9095744680851063)
[5, 40, 52, 58, 60]  (0.904881101376721)
[7, 29, 34, 40, 52]  (0.9061326658322904)
[7, 29, 34, 40, 58]  (0.9086357947434293)
[7, 29, 34, 52, 58]  (0.9130162703379224)
[7, 29, 34, 58, 60]  (0.9017521902377973)
[7, 29, 36, 40, 52]  (0.9183354192740926)
[7, 29, 36, 40, 58]  (0.9214643304130162)
[7, 29, 36, 40, 60]  (0.9080100125156445)
[7, 29, 36, 52, 58]  (0.9261576971214017)
[7, 29, 36, 52, 60]  (0.9123904881101377)
[7, 29, 36, 58, 60]  (0.9155193992490613)
[7, 29, 40, 52, 56]  (0.9017521902377973)
[7, 29, 40, 52, 58]  (0.9483729662077597)
[7, 29, 40, 52, 60]  (0.934918648310388)
[7, 29, 40, 52, 62]  (0.9095744680851063)
[7, 29, 40, 56, 58]  (0.9030037546933667)
[7, 29, 40, 58, 60]  (0.9380475594493116)
[7, 29, 40, 58, 62]  (0.9130162703379224)
[7, 29, 40, 58, 66]  (0.9001877346683355)
[7, 29, 40, 60, 66]  (0.9005006257822278)
[7, 29, 52, 56, 58]  (0.909261576971214)
[7, 29, 52, 58, 60]  (0.9424280350438048)
[7, 29, 52, 58, 62]  (0.9142678347934918)
[7, 29, 52, 58, 66]  (0.9042553191489362)
[7, 29, 52, 60, 62]  (0.9005006257822278)
[7, 29, 52, 60, 66]  (0.9045682102628285)
[7, 29, 58, 60, 62]  (0.9039424280350438)
[7, 29, 58, 60, 66]  (0.9076971214017522)
[7, 34, 40, 52, 58]  (0.9064455569461827)
[7, 36, 40, 52, 58]  (0.9202127659574468)
[7, 36, 40, 52, 60]  (0.9067584480600751)
[7, 36, 40, 58, 60]  (0.9098873591989988)
[7, 36, 52, 58, 60]  (0.9142678347934918)
[7, 40, 52, 56, 58]  (0.9036295369211514)
[7, 40, 52, 58, 60]  (0.9367959949937422)
[7, 40, 52, 58, 62]  (0.9117647058823529)
[7, 40, 58, 60, 62]  (0.9014392991239049)
[7, 40, 58, 60, 66]  (0.9014392991239049)
[7, 52, 58, 60, 62]  (0.9026908635794744)
[7, 52, 58, 60, 66]  (0.9055068836045056)
[29, 34, 36, 40, 52]  (0.9095744680851063)
[29, 34, 36, 40, 58]  (0.9120775969962454)
[29, 34, 36, 52, 58]  (0.9164580725907384)
[29, 34, 36, 52, 60]  (0.9026908635794744)
[29, 34, 36, 58, 60]  (0.9051939924906133)
[29, 34, 40, 52, 58]  (0.9396120150187734)
[29, 34, 40, 52, 60]  (0.9261576971214017)
[29, 34, 40, 52, 62]  (0.9036295369211514)
[29, 34, 40, 58, 60]  (0.9286608260325406)
[29, 34, 40, 58, 62]  (0.9064455569461827)
[29, 34, 52, 58, 60]  (0.9327284105131415)
[29, 34, 52, 58, 62]  (0.9073842302878599)
[29, 34, 58, 60, 66]  (0.9014392991239049)
[29, 36, 40, 48, 52]  (0.9183354192740926)
[29, 36, 40, 48, 58]  (0.9214643304130162)
[29, 36, 40, 48, 60]  (0.9142678347934918)
[29, 36, 40, 52, 56]  (0.9008135168961201)
[29, 36, 40, 52, 58]  (0.9530663329161452)
[29, 36, 40, 52, 60]  (0.9396120150187734)
[29, 36, 40, 52, 62]  (0.9142678347934918)
[29, 36, 40, 52, 66]  (0.9014392991239049)
[29, 36, 40, 56, 58]  (0.9020650813516896)
[29, 36, 40, 58, 60]  (0.9427409261576971)
[29, 36, 40, 58, 62]  (0.9177096370463079)
[29, 36, 40, 58, 66]  (0.9045682102628285)
[29, 36, 40, 60, 62]  (0.9039424280350438)
[29, 36, 40, 60, 66]  (0.904881101376721)
[29, 36, 48, 52, 58]  (0.9261576971214017)
[29, 36, 48, 52, 60]  (0.918648310387985)
[29, 36, 48, 58, 60]  (0.9217772215269087)
[29, 36, 52, 56, 58]  (0.9083229036295369)
[29, 36, 52, 58, 60]  (0.9471214017521903)
[29, 36, 52, 58, 62]  (0.9189612015018773)
[29, 36, 52, 58, 66]  (0.9086357947434293)
[29, 36, 52, 60, 62]  (0.9051939924906133)
[29, 36, 52, 60, 66]  (0.9089486858573217)
[29, 36, 58, 60, 62]  (0.9086357947434293)
[29, 36, 58, 60, 66]  (0.9120775969962454)
[29, 40, 48, 52, 58]  (0.9261576971214017)
[29, 40, 48, 52, 60]  (0.9189612015018773)
[29, 40, 48, 58, 60]  (0.922090112640801)
[29, 40, 52, 56, 58]  (0.9308510638297872)
[29, 40, 52, 56, 60]  (0.9173967459324155)
[29, 40, 52, 56, 62]  (0.9039424280350438)
[29, 40, 52, 58, 60]  (0.9696495619524406)
[29, 40, 52, 58, 62]  (0.9446182728410513)
[29, 40, 52, 58, 66]  (0.931476846057572)
[29, 40, 52, 60, 62]  (0.9308510638297872)
[29, 40, 52, 60, 66]  (0.9317897371714643)
[29, 40, 56, 58, 60]  (0.918648310387985)
[29, 40, 56, 58, 62]  (0.9055068836045056)
[29, 40, 58, 60, 62]  (0.9342928660826032)
[29, 40, 58, 60, 66]  (0.934918648310388)
[29, 48, 52, 58, 60]  (0.9264705882352942)
[29, 52, 56, 58, 60]  (0.9245932415519399)
[29, 52, 56, 58, 62]  (0.9083229036295369)
[29, 52, 58, 60, 62]  (0.9355444305381727)
[29, 52, 58, 60, 66]  (0.9389862327909887)
[29, 58, 60, 62, 66]  (0.9023779724655819)
[34, 36, 40, 52, 58]  (0.9105131414267835)
[34, 36, 52, 58, 60]  (0.9036295369211514)
[34, 40, 52, 58, 60]  (0.9270963704630788)
[34, 40, 52, 58, 62]  (0.904881101376721)
[36, 40, 48, 52, 58]  (0.9227158948685857)
[36, 40, 48, 52, 60]  (0.9148936170212766)
[36, 40, 48, 58, 60]  (0.9180225281602002)
[36, 40, 52, 56, 58]  (0.9051939924906133)
[36, 40, 52, 58, 60]  (0.9433667083854819)
[36, 40, 52, 58, 62]  (0.9189612015018773)
[36, 40, 52, 58, 66]  (0.9036295369211514)
[36, 40, 52, 60, 62]  (0.9045682102628285)
[36, 40, 52, 60, 66]  (0.9039424280350438)
[36, 40, 58, 60, 62]  (0.9080100125156445)
[36, 40, 58, 60, 66]  (0.9070713391739674)
[36, 48, 52, 58, 60]  (0.9224030037546934)
[36, 52, 58, 60, 62]  (0.909261576971214)
[36, 52, 58, 60, 66]  (0.9111389236545682)
[40, 48, 52, 58, 60]  (0.9227158948685857)
[40, 52, 56, 58, 60]  (0.9211514392991239)
[40, 52, 56, 58, 62]  (0.9086357947434293)
[40, 52, 58, 60, 62]  (0.934918648310388)
[40, 52, 58, 60, 66]  (0.9339799749687109)
[40, 58, 60, 62, 66]  (0.9001877346683355)
[52, 58, 60, 62, 66]  (0.9014392991239049)
[5, 29, 40, 52, 58, 60]  (0.9033166458072591)
[7, 29, 34, 40, 52, 58]  (0.905819774718398)
[7, 29, 36, 40, 52, 58]  (0.9180225281602002)
[7, 29, 36, 40, 52, 60]  (0.9045682102628285)
[7, 29, 36, 40, 58, 60]  (0.9076971214017522)
[7, 29, 36, 52, 58, 60]  (0.9120775969962454)
[7, 29, 40, 52, 56, 58]  (0.9014392991239049)
[7, 29, 40, 52, 58, 60]  (0.9346057571964956)
[7, 29, 40, 52, 58, 62]  (0.9095744680851063)
[7, 29, 40, 58, 60, 66]  (0.9001877346683355)
[7, 29, 52, 58, 60, 62]  (0.9005006257822278)
[7, 29, 52, 58, 60, 66]  (0.9042553191489362)
[7, 36, 40, 52, 58, 60]  (0.9064455569461827)
[29, 34, 36, 40, 52, 58]  (0.909261576971214)
[29, 34, 36, 52, 58, 60]  (0.9023779724655819)
[29, 34, 40, 52, 58, 60]  (0.9258448060075094)
[29, 34, 40, 52, 58, 62]  (0.9036295369211514)
[29, 36, 40, 48, 52, 58]  (0.9180225281602002)
[29, 36, 40, 48, 52, 60]  (0.9108260325406758)
[29, 36, 40, 48, 58, 60]  (0.9139549436795995)
[29, 36, 40, 52, 56, 58]  (0.9005006257822278)
[29, 36, 40, 52, 58, 60]  (0.9392991239048811)
[29, 36, 40, 52, 58, 62]  (0.9142678347934918)
[29, 36, 40, 52, 58, 66]  (0.9011264080100125)
[29, 36, 40, 52, 60, 62]  (0.9005006257822278)
[29, 36, 40, 52, 60, 66]  (0.9014392991239049)
[29, 36, 40, 58, 60, 62]  (0.9039424280350438)
[29, 36, 40, 58, 60, 66]  (0.9045682102628285)
[29, 36, 48, 52, 58, 60]  (0.9183354192740926)
[29, 36, 52, 58, 60, 62]  (0.9051939924906133)
[29, 36, 52, 58, 60, 66]  (0.9086357947434293)
[29, 40, 48, 52, 58, 60]  (0.918648310387985)
[29, 40, 52, 56, 58, 60]  (0.9170838548185232)
[29, 40, 52, 56, 58, 62]  (0.9039424280350438)
[29, 40, 52, 58, 60, 62]  (0.9308510638297872)
[29, 40, 52, 58, 60, 66]  (0.931476846057572)
[36, 40, 48, 52, 58, 60]  (0.9145807259073843)
[36, 40, 52, 58, 60, 62]  (0.9045682102628285)
[36, 40, 52, 58, 60, 66]  (0.9036295369211514)
[7, 29, 36, 40, 52, 58, 60]  (0.9042553191489362)
[29, 36, 40, 48, 52, 58, 60]  (0.9105131414267835)
[29, 36, 40, 52, 58, 60, 62]  (0.9005006257822278)
[29, 36, 40, 52, 58, 60, 66]  (0.9011264080100125)
