mushroom.dat
1.0 576 27262976
retail.dat
1.0 7800 153091904
mushroom.dat
0.95 200 17896800
retail.dat
0.95 7568 439106976
mushroom.dat
0.8999999999999999 139 30678840
retail.dat
0.8999999999999999 7221 280155192
mushroom.dat
0.8499999999999999 167 32607912
retail.dat
0.8499999999999999 6884 126834120
mushroom.dat
0.7999999999999998 174 39131816
retail.dat
0.7999999999999998 7123 530076664
mushroom.dat
0.7499999999999998 217 17839208
retail.dat
0.7499999999999998 6441 417286312
mushroom.dat
0.6999999999999997 176 17522768
retail.dat
0.6999999999999997 6443 202549568
mushroom.dat
0.6499999999999997 199 20645232
retail.dat
0.6499999999999997 6872 239281072
mushroom.dat
0.5999999999999996 194 35199800
retail.dat
0.5999999999999996 6490 119473240
mushroom.dat
0.5499999999999996 245 50208680
retail.dat
0.5499999999999996 6448 92624816
mushroom.dat
0.4999999999999996 273 37101784
retail.dat
0.4999999999999996 6394 343752600
mushroom.dat
0.4499999999999996 384 117654304
retail.dat
0.4499999999999996 6324 105711560
mushroom.dat
0.39999999999999963 451 97827120
retail.dat
0.39999999999999963 6300 327616152
mushroom.dat
0.34999999999999964 603 164968568
retail.dat
0.34999999999999964 6433 328316848
mushroom.dat
0.29999999999999966 1011 320116384
retail.dat
0.29999999999999966 6166 209041656
mushroom.dat
0.24999999999999967 1553 499553824
retail.dat
0.24999999999999967 6302 227298648
mushroom.dat
0.19999999999999968 6963 379967928
retail.dat
0.19999999999999968 6476 313015576
mushroom.dat
0.1499999999999997 11148 576163184
retail.dat
0.1499999999999997 6499 133993808
mushroom.dat
0.09999999999999969 45419 345636608
retail.dat
0.09999999999999969 6337 231839184
