chess.dat
1.0 300 11534336
chess.dat
0.95 370 25544704
chess.dat
0.8999999999999999 598 73676472
chess.dat
0.8499999999999999 1283 162786544
chess.dat
0.7999999999999998 2065 337492136
chess.dat
0.7499999999999998 4183 234085416
chess.dat
0.6999999999999997 8073 606211176
chess.dat
0.6499999999999997 16492 358329168
chess.dat
0.5999999999999996 34431 1130572040
chess.dat
0.5499999999999996 75340 171782016
chess.dat
0.4999999999999996 161944 580809968
chess.dat
0.4499999999999996 334921 504373072
chess.dat
0.39999999999999963 716309 773127280
