pumsb_star.dat
1.0 3140 219283968
pumsb_star.dat
0.95 2242 227682024
pumsb_star.dat
0.8999999999999999 1733 242491904
pumsb_star.dat
0.8499999999999999 1833 230171648
pumsb_star.dat
0.7999999999999998 1875 213592840
pumsb_star.dat
0.7499999999999998 2283 297014312
pumsb_star.dat
0.6999999999999997 2992 450110896
pumsb_star.dat
0.6499999999999997 3150 452317192
pumsb_star.dat
0.5999999999999996 3814 249008352
pumsb_star.dat
0.5499999999999996 4553 989394384
pumsb_star.dat
0.4999999999999996 6346 604540032
pumsb_star.dat
0.4499999999999996 10977 838410448
pumsb_star.dat
0.39999999999999963 55926 656468912
pumsb_star.dat
0.34999999999999964 196774 1938040088
pumsb_star.dat
0.29999999999999966 758288 914853144
