pumsb.dat
0.8 15 2097152
pumsb.dat
0.75 1 1295584
pumsb.dat
0.7 1 1293280
pumsb.dat
0.6499999999999999 1 1293280
pumsb.dat
0.5999999999999999 1 1293520
pumsb.dat
0.5499999999999998 1 1293520
pumsb.dat
0.49999999999999983 1 1293576
pumsb.dat
0.44999999999999984 2 1293576
pumsb.dat
0.39999999999999986 2 1293576
pumsb.dat
0.34999999999999987 1 1293576
pumsb.dat
0.2999999999999999 2 1293640
pumsb.dat
0.2499999999999999 2 1293640
pumsb.dat
0.1999999999999999 0 1293640
pumsb.dat
0.1499999999999999 0 1293640
pumsb.dat
0.09999999999999991 2 1293640
