chess.dat
1.0 245 6291456
mushroom.dat
1.0 124 14477368
pumsb_star.dat
1.0 1386 104760728
retail.dat
1.0 804 48571264
pumsb.dat
1.0 895 72036976
connect.dat
1.0 405 16915840
accidents.dat
1.0 2187 294984808
chess.dat
0.95 66 14498792
mushroom.dat
0.95 56 18598128
pumsb_star.dat
0.95 661 89622040
retail.dat
0.95 491 13971408
pumsb.dat
0.95 1796 153734184
connect.dat
0.95 9129 56012064
accidents.dat
0.95 2375 264812160
chess.dat
0.8999999999999999 147 15946280
mushroom.dat
0.8999999999999999 42 3419280
pumsb_star.dat
0.8999999999999999 650 111031456
retail.dat
0.8999999999999999 502 60520064
pumsb.dat
0.8999999999999999 14590 75938488
connect.dat
0.8999999999999999 100699 195419192
accidents.dat
0.8999999999999999 2645 336828544
chess.dat
0.8499999999999999 428 10388296
mushroom.dat
0.8499999999999999 40 8496144
pumsb_star.dat
0.8499999999999999 690 93698064
retail.dat
0.8499999999999999 499 14970592
pumsb.dat
0.8499999999999999 112363 78472976
connect.dat
0.8499999999999999 519687 468051232
accidents.dat
0.8499999999999999 4987 474576608
chess.dat
0.7999999999999998 1209 54688432
mushroom.dat
0.7999999999999998 37 3432248
pumsb_star.dat
0.7999999999999998 644 116123160
retail.dat
0.7999999999999998 492 18113744
pumsb.dat
0.7999999999999998 757399 137387768
connect.dat
0.7999999999999998 1998078 160924432
accidents.dat
0.7999999999999998 8365 276380784
chess.dat
0.7499999999999998 2941 141175192
mushroom.dat
0.7499999999999998 36 2360704
pumsb_star.dat
0.7499999999999998 671 69085768
retail.dat
0.7499999999999998 487 60704576
