mushroom.dat
0.4 980 95420416
retail.dat
0.4 1225 9955936
mushroom.dat
0.35000000000000003 602 36092080
retail.dat
0.35000000000000003 535 19135392
mushroom.dat
0.30000000000000004 957 30078640
retail.dat
0.30000000000000004 584 9173712
mushroom.dat
0.25000000000000006 2158 83981144
retail.dat
0.25000000000000006 573 29311672
mushroom.dat
0.20000000000000007 14739 163292200
retail.dat
0.20000000000000007 524 51859056
mushroom.dat
0.15000000000000008 28041 51571304
retail.dat
0.15000000000000008 572 17519680
mushroom.dat
0.10000000000000007 175534 318185352
retail.dat
0.10000000000000007 657 26363056
mushroom.dat
0.05000000000000007 1214188 2108277976
retail.dat
0.05000000000000007 627 23557720
