chess.dat
0.7 8145 220527912
mushroom.dat
0.7 113 2333384
pumsb_star.dat
0.7 1068 23587624
retail.dat
0.7 600 52455888
accidents.dat
0.7 29195 105085120
chess.dat
0.6499999999999999 17618 294309304
mushroom.dat
0.6499999999999999 43 3445088
pumsb_star.dat
0.6499999999999999 1008 68541512
retail.dat
0.6499999999999999 542 53497248
accidents.dat
0.6499999999999999 55026 355870928
chess.dat
0.5999999999999999 41568 142002432
mushroom.dat
0.5999999999999999 94 24928304
pumsb_star.dat
0.5999999999999999 1323 65567560
retail.dat
0.5999999999999999 513 54538752
accidents.dat
0.5999999999999999 111751 215253912
chess.dat
0.5499999999999998 91054 149840880
mushroom.dat
0.5499999999999998 104 22053200
pumsb_star.dat
0.5499999999999998 1907 72021264
retail.dat
0.5499999999999998 520 19446184
accidents.dat
0.5499999999999998 205769 473655616
chess.dat
0.49999999999999983 209761 850797320
mushroom.dat
0.49999999999999983 133 17052800
pumsb_star.dat
0.49999999999999983 4191 20580144
retail.dat
0.49999999999999983 549 27394800
accidents.dat
0.49999999999999983 407856 238279816
chess.dat
0.44999999999999984 485118 2255404152
mushroom.dat
0.44999999999999984 243 5499200
pumsb_star.dat
0.44999999999999984 11610 96938776
retail.dat
0.44999999999999984 523 20425216
accidents.dat
0.44999999999999984 830133 255514840
chess.dat
0.39999999999999986 1138586 2457983384
mushroom.dat
0.39999999999999986 312 31744600
